x y
0 16
1 21
2 18
3 17
4 15
5 7
6 14
7 20
8 22
9 23
10 22
11 17
12 25
13 15
14 17
15 20
16 16
17 22
18 15
19 17
20 18
21 25
22 29
23 26
24 22
25 15
26 18
27 18
28 20
29 16
30 29
31 21
32 20
33 19
34 14
35 22
36 21
37 27
38 18
39 10
40 15
41 8
42 17
43 26
44 23
45 20
46 15
47 12
48 18
49 24
50 15
51 16
52 20
53 18
54 16
55 22
56 19
57 20
58 16
59 23
60 21
61 17
62 17
63 19
64 18
65 18
66 28
67 20
68 13
69 16
70 19
71 19
72 25
73 14
74 11
75 22
76 20
77 20
78 21
79 25
80 23
81 16
82 27
83 14
84 20
85 25
86 27
87 20
88 18
89 31
90 14
91 19
92 15
93 15
94 19
95 16
96 26
97 26
98 12
99 13
100 12
101 21
102 18
103 19
104 13
105 18
106 10
107 18
108 28
109 18
110 26
111 20
112 29
113 22
114 10
115 19
116 11
117 16
118 16
119 23
120 10
121 22
122 15
123 18
124 25
125 21
126 19
127 25
128 16
129 19
130 21
131 16
132 19
133 16
134 16
135 22
136 17
137 20
138 23
139 19
140 18
141 15
142 17
143 22
144 14
145 21
146 24
147 18
148 18
149 28
150 27
151 20
152 16
153 16
154 16
155 12
156 13
157 23
158 10
159 23
160 21
161 20
162 10
163 20
164 14
165 27
166 27
167 22
168 25
169 13
170 28
171 21
172 13
173 23
174 17
175 18
176 23
177 22
178 31
179 25
180 19
181 16
182 18
183 23
184 22
185 16
186 24
187 18
188 18
189 21
190 15
191 23
192 16
193 14
194 20
195 22
196 17
197 21
198 16
199 21
200 21
201 22
202 23
203 25
204 21
205 19
206 21
207 14
208 19
209 16
210 15
211 22
212 17
213 21
214 22
215 16
216 17
217 23
218 18
219 11
220 22
221 21
222 19
223 17
224 19
225 12
226 17
227 12
228 14
229 16
230 24
231 16
232 18
233 20
234 19
235 18
236 24
237 15
238 14
239 18
240 21
241 18
242 19
243 14
244 14
245 14
246 13
247 18
248 13
249 15
250 14
251 15
252 23
253 14
254 14
255 16
256 28
257 18
258 28
259 19
260 15
261 20
262 19
263 14
264 16
265 23
266 23
267 22
268 14
269 18
270 26
271 15
272 22
273 27
274 16
275 17
276 11
277 21
278 16
279 21
280 19
281 22
282 17
283 16
284 21
285 17
286 15
287 19
288 23
289 26
290 18
291 15
292 17
293 17
294 24
295 18
296 30
297 9
298 18
299 13
300 23
301 17
302 19
303 27
304 16
305 16
306 14
307 18
308 20
309 21
310 16
311 10
312 17
313 18
314 14
315 7
316 20
317 18
318 16
319 14
320 23
321 11
322 14
323 15
324 18
325 14
326 15
327 23
328 25
329 25
330 14
331 23
332 20
333 18
334 18
335 16
336 21
337 19
338 15
339 19
340 25
341 14
342 21
343 20
344 19
345 17
346 19
347 21
348 14
349 16
350 21
351 25
352 15
353 13
354 18
355 20
356 20
357 19
358 14
359 16
360 14
361 14
362 26
363 20
364 13
365 18
366 23
367 22
368 16
369 16
370 20
371 10
372 13
373 15
374 15
375 15
376 13
377 18
378 16
379 21
380 9
381 17
382 18
383 22
384 11
385 21
386 16
387 15
388 20
389 18
390 13
391 20
392 24
393 15
394 24
395 20
396 21
397 17
398 22
399 18
400 24
401 19
402 14
403 18
404 11
405 9
406 13
407 11
408 21
409 23
410 14
411 18
412 11
413 18
414 16
415 15
416 21
417 20
418 21
419 21
420 18
421 20
422 16
423 12
424 13
425 17
426 20
427 15
428 15
429 20
430 16
431 14
432 19
433 20
434 18
435 20
436 18
437 24
438 23
439 24
440 15
441 26
442 21
443 17
444 10
445 24
446 18
447 18
448 15
449 22
450 22
451 19
452 15
453 15
454 21
455 24
456 12
457 12
458 27
459 22
460 25
461 21
462 27
463 17
464 17
465 23
466 20
467 19
468 16
469 18
470 17
471 12
472 11
473 23
474 14
475 20
476 20
477 21
478 26
479 19
480 28
481 21
482 22
483 13
484 21
485 23
486 20
487 21
488 19
489 14
490 17
491 16
492 24
493 22
494 21
495 16
496 25
497 20
498 32
499 20
500 22
501 14
502 11
503 24
504 22
505 24
506 23
507 16
508 15
509 18
510 16
511 24
512 22
513 19
514 21
515 13
516 21
517 12
518 22
519 18
520 14
521 19
522 18
523 18
524 22
525 17
526 25
527 13
528 21
529 17
530 21
531 16
532 20
533 12
534 19
535 27
536 27
537 14
538 19
539 19
540 23
541 14
542 22
543 8
544 22
545 10
546 20
547 14
548 14
549 20
550 22
551 20
552 22
553 12
554 19
555 22
556 17
557 17
558 14
559 23
560 20
561 19
562 23
563 15
564 23
565 12
566 21
567 24
568 17
569 20
570 18
571 20
572 12
573 18
574 19
575 19
576 20
577 21
578 19
579 26
580 15
581 16
582 13
583 19
584 17
585 21
586 17
587 10
588 19
589 27
590 23
591 11
592 20
593 17
594 20
595 16
596 18
597 16
598 18
599 16
600 22
601 28
602 20
603 16
604 13
605 12
606 26
607 22
608 17
609 16
610 13
611 15
612 21
613 20
614 19
615 19
616 8
617 22
618 13
619 18
620 25
621 18
622 21
623 14
624 24
625 19
626 13
627 19
628 13
629 14
630 20
631 18
632 19
633 25
634 25
635 25
636 12
637 12
638 19
639 13
640 15
641 16
642 22
643 11
644 19
645 10
646 25
647 16
648 26
649 14
650 25
651 17
652 23
653 15
654 25
655 15
656 24
657 17
658 21
659 12
660 24
661 19
662 16
663 17
664 26
665 12
666 17
667 21
668 20
669 12
670 13
671 26
672 23
673 18
674 24
675 26
676 18
677 15
678 22
679 15
680 21
681 21
682 14
683 22
684 21
685 23
686 20
687 19
688 24
689 13
690 25
691 18
692 10
693 16
694 19
695 18
696 23
697 23
698 16
699 19
700 17
701 26
702 20
703 17
704 20
705 12
706 14
707 18
708 20
709 19
710 23
711 17
712 13
713 22
714 17
715 15
716 17
717 16
718 16
719 25
720 21
721 20
722 16
723 24
724 16
725 25
726 20
727 18
728 17
729 14
730 15
731 13
732 18
733 21
734 17
735 14
736 30
737 27
738 12
739 15
740 25
741 22
742 13
743 14
744 17
745 14
746 19
747 26
748 11
749 12
750 15
751 16
752 23
753 19
754 21
755 18
756 14
757 16
758 15
759 18
760 10
761 18
762 22
763 17
764 27
765 22
766 27
767 27
768 28
769 18
770 10
771 16
772 16
773 19
774 20
775 13
776 17
777 17
778 19
779 25
780 15
781 21
782 27
783 22
784 17
785 13
786 20
787 20
788 24
789 16
790 15
791 21
792 20
793 15
794 17
795 13
796 18
797 20
798 13
799 18
800 20
801 23
802 15
803 16
804 22
805 13
806 14
807 14
808 25
809 23
810 12
811 23
812 19
813 22
814 18
815 19
816 17
817 16
818 18
819 20
820 20
821 30
822 20
823 18
824 14
825 18
826 20
827 25
828 29
829 16
830 18
831 21
832 22
833 13
834 13
835 15
836 25
837 20
838 15
839 11
840 11
841 19
842 18
843 20
844 22
845 18
846 19
847 17
848 10
849 13
850 15
851 11
852 13
853 21
854 20
855 24
856 20
857 24
858 19
859 15
860 22
861 13
862 24
863 21
864 14
865 22
866 20
867 29
868 22
869 14
870 15
871 18
872 17
873 18
874 19
875 22
876 26
877 19
878 20
879 28
880 5
881 25
882 18
883 19
884 16
885 21
886 16
887 29
888 16
889 27
890 17
891 20
892 18
893 33
894 15
895 21
896 27
897 19
898 22
899 16
900 14
901 18
902 15
903 21
904 23
905 22
906 21
907 10
908 13
909 22
910 18
911 24
912 26
913 14
914 29
915 16
916 14
917 20
918 15
919 14
920 23
921 20
922 16
923 13
924 8
925 16
926 16
927 18
928 19
929 16
930 28
931 24
932 12
933 17
934 26
935 16
936 17
937 20
938 18
939 24
940 21
941 13
942 23
943 20
944 23
945 14
946 23
947 23
948 20
949 20
950 21
951 16
952 24
953 22
954 21
955 17
956 20
957 16
958 11
959 13
960 14
961 14
962 29
963 18
964 15
965 18
966 13
967 18
968 15
969 18
970 17
971 16
972 22
973 18
974 24
975 22
976 20
977 21
978 12
979 11
980 20
981 26
982 14
983 20
984 16
985 14
986 18
987 22
988 22
989 16
990 14
991 23
992 17
993 16
994 16
995 15
996 28
997 16
998 18
999 19
1000 23
1001 14
1002 24
1003 23
1004 17
1005 22
1006 22
1007 17
1008 13
1009 19
1010 15
1011 17
1012 11
1013 15
1014 21
1015 18
1016 23
1017 19
1018 15
1019 15
1020 13
1021 17
1022 13
1023 17
